$ANSIBLE_VAULT;1.1;AES256
66643030636438666466643832366635353965663566396361383538613035643136663663343436
3162393762663231376239346663653339653934323433360a336338326563343865633161303238
33366639646538363331396438366438376238353262313065303761353734666637393634363761
3439636637666639350a333764656335386632616136393763666464623135303631383530396166
31316535303431363935643131653233353334303863393334613535343634643965663139343965
39393336383539343032333930613164386430343862303233363036303330393139633264366436
31653362333362663732646261313861313138393732396163373866643566353432346537353936
65373939323238643732636362646338623838316430663031366665386234323637326536376166
63633466623636303333643333366637373239646335643331366136653030666135303665666532
35623737626639653066616635623737306362353637313034303138393263656163626431303232
30363464386166333266613766323130666239373534386432633434633863343831383332396362
31373638656565303263323161333462663938353362346533333937373936656164313165323332
35353138613762353534373035386635636135306364663033343537646466636464383361626138
38326564656263386634316138363835613561636432383138386439346139656231653631323939
33646362663335323933623235613030646431336366663431313665363937306261393133633431
37653634626662343638396164336437376466306231393231336263393133623236653937323935
30616531343235393963363261386464393664346532356665326132313833353466323066373361
61626238353662366565336131613936383535323239646661333833643962363930306665316166
63356636313939663232653533623661616363353139383431376632663837363739393538303835
62646262663533633465653462303836313932313663313333363264343331626535363766313963
31656533646363353233316239313034656231663531613637656162316530623537303439623034
63346334653336303034613562386539323630383163626265316663363037313966616339303633
39393737373339616464633637343066616162303365666631366163623539363665393266643430
62313037393561623834653862303033313436333961653238323463353261353832623361376261
61373665656533373265633239376439626635626463353435623332633337353938333433303966
36343066303037623562353839303433623238646432656330393262363631303362376436343335
39303261376532316565393730633133666536336436666333333261633531353531383131303463
61333533353763303865
