$ANSIBLE_VAULT;1.1;AES256
35326336306661373162303866313333363234353837653563616661373333346466616438303932
6232626137656166323562363830633833343264386238370a383733346138373965646537333264
35656261396336343332616161376165633162663866623332626662626365366338336663363564
3035373563613931320a666665613238316437333936656637316232353366653432653661653761
36363164626138316532373263336132333836343837373037663637303263666439313438636239
33623537313163633637333362383161396539623034643335386132353135663135303936366536
65616137623365663862313335383430663038653130623739656339346634333633626330633030
32663062643436616163333864653734316566303531323037396539353066373362393036383166
62363237333364323037393731633639313631333937663333636466326635623131353566616236
32623735653337623738616130386363623937343434643530343261326337323531666662643262
62363762373863356461366130653737626131386337616162616530656439323935366537326666
31386130313031663132613833343637383730353835386631303433386532396665353765656336
63623564346532396261326630653932373764613161666638633830333035653936303361343063
30646232376664363730613463373338376664653335333663623231346138333865346630393066
61656261333539366639656635303033333531646465653163643564626238376462353538383066
37386536313864383130393534336237376364626234373736653034643765313166373735616130
39653832656230393630363663396437393637373231343931333331643662373530346439626366
61326439393134623338626463303061383630326234636237373364626338313839646162656535
36353461323230336634666361376638393537313862613835343733393530666534353737666364
30376162356663346339353536303762396464393133306638643335353732336137363165643433
30356462383530366163616464316663333665333436663064356339363039633934653265373065
38396465616664343262386236356634343734646330616265366634343963306165313361376537
36326265343430363639643937383630326564643363383564336334333366363038333135636265
35353036346536386163326531373032303139643936336566633462353766393036343866313866
33633237363538346461623162313936336265646432386539326433333435633232333531663162
30316137333766343964376137363661643330373035393933303131396138646164656439323434
64616536383633636364323962383139616339653136383865326135323964333333646439616236
31633461313962653332613538316161663539626335653563323837363466326233633839626234
39633565336361376465626536643435303961666162616163326366623563386535653638313161
31333436313933353839356338323534366534663634303463363364363335643736333435323765
62643032383761626665623837316263656661316466383032393830636633393861636162326234
62366463303264643636363131633735353364383263613039346262373135623931356137363265
31303966656664643633666637376635613264663235613738653131333764636534323137363533
31623361383766386638383262616537393938663631306434643834336264623736343166616234
31386533663466666336326664336639623336643931666363383835313764353566663266643937
35393365393266303235393465633061393434653932613434393238326532643463376434333038
66383539663333663763646330353233636164396631313533643366653462346562376636343230
64393565613138613666643766616262373061386132326330383031393736316466363361653331
65313234356531383563336336613030363365326465316263383038336635333634623262633132
32346432353265363731
